{
 "cells": [
  {
   "cell_type": "code",
   "execution_count": 1,
   "metadata": {},
   "outputs": [],
   "source": [
    "import itertools\n",
    "import numpy as np\n",
    "import pandas as pd \n",
    "from numbers import Number\n",
    "from scipy import stats\n",
    "import matplotlib.pyplot as plt\n",
    "import seaborn as sns\n",
    "import statsmodels.api as sm\n",
    "%matplotlib inline\n",
    "\n",
    "import pickle"
   ]
  },
  {
   "cell_type": "code",
   "execution_count": 2,
   "metadata": {},
   "outputs": [],
   "source": [
    "df = pd.read_csv('data/kc_house_data.csv')"
   ]
  },
  {
   "cell_type": "code",
   "execution_count": 3,
   "metadata": {},
   "outputs": [
    {
     "data": {
      "text/html": [
       "<div>\n",
       "<style scoped>\n",
       "    .dataframe tbody tr th:only-of-type {\n",
       "        vertical-align: middle;\n",
       "    }\n",
       "\n",
       "    .dataframe tbody tr th {\n",
       "        vertical-align: top;\n",
       "    }\n",
       "\n",
       "    .dataframe thead th {\n",
       "        text-align: right;\n",
       "    }\n",
       "</style>\n",
       "<table border=\"1\" class=\"dataframe\">\n",
       "  <thead>\n",
       "    <tr style=\"text-align: right;\">\n",
       "      <th></th>\n",
       "      <th>id</th>\n",
       "      <th>date</th>\n",
       "      <th>price</th>\n",
       "      <th>bedrooms</th>\n",
       "      <th>bathrooms</th>\n",
       "      <th>sqft_living</th>\n",
       "      <th>sqft_lot</th>\n",
       "      <th>floors</th>\n",
       "      <th>waterfront</th>\n",
       "      <th>view</th>\n",
       "      <th>...</th>\n",
       "      <th>grade</th>\n",
       "      <th>sqft_above</th>\n",
       "      <th>sqft_basement</th>\n",
       "      <th>yr_built</th>\n",
       "      <th>yr_renovated</th>\n",
       "      <th>zipcode</th>\n",
       "      <th>lat</th>\n",
       "      <th>long</th>\n",
       "      <th>sqft_living15</th>\n",
       "      <th>sqft_lot15</th>\n",
       "    </tr>\n",
       "  </thead>\n",
       "  <tbody>\n",
       "    <tr>\n",
       "      <th>0</th>\n",
       "      <td>7129300520</td>\n",
       "      <td>10/13/2014</td>\n",
       "      <td>221900.0</td>\n",
       "      <td>3</td>\n",
       "      <td>1.00</td>\n",
       "      <td>1180</td>\n",
       "      <td>5650</td>\n",
       "      <td>1.0</td>\n",
       "      <td>NaN</td>\n",
       "      <td>NONE</td>\n",
       "      <td>...</td>\n",
       "      <td>7 Average</td>\n",
       "      <td>1180</td>\n",
       "      <td>0.0</td>\n",
       "      <td>1955</td>\n",
       "      <td>0.0</td>\n",
       "      <td>98178</td>\n",
       "      <td>47.5112</td>\n",
       "      <td>-122.257</td>\n",
       "      <td>1340</td>\n",
       "      <td>5650</td>\n",
       "    </tr>\n",
       "    <tr>\n",
       "      <th>1</th>\n",
       "      <td>6414100192</td>\n",
       "      <td>12/9/2014</td>\n",
       "      <td>538000.0</td>\n",
       "      <td>3</td>\n",
       "      <td>2.25</td>\n",
       "      <td>2570</td>\n",
       "      <td>7242</td>\n",
       "      <td>2.0</td>\n",
       "      <td>NO</td>\n",
       "      <td>NONE</td>\n",
       "      <td>...</td>\n",
       "      <td>7 Average</td>\n",
       "      <td>2170</td>\n",
       "      <td>400.0</td>\n",
       "      <td>1951</td>\n",
       "      <td>1991.0</td>\n",
       "      <td>98125</td>\n",
       "      <td>47.7210</td>\n",
       "      <td>-122.319</td>\n",
       "      <td>1690</td>\n",
       "      <td>7639</td>\n",
       "    </tr>\n",
       "    <tr>\n",
       "      <th>2</th>\n",
       "      <td>5631500400</td>\n",
       "      <td>2/25/2015</td>\n",
       "      <td>180000.0</td>\n",
       "      <td>2</td>\n",
       "      <td>1.00</td>\n",
       "      <td>770</td>\n",
       "      <td>10000</td>\n",
       "      <td>1.0</td>\n",
       "      <td>NO</td>\n",
       "      <td>NONE</td>\n",
       "      <td>...</td>\n",
       "      <td>6 Low Average</td>\n",
       "      <td>770</td>\n",
       "      <td>0.0</td>\n",
       "      <td>1933</td>\n",
       "      <td>NaN</td>\n",
       "      <td>98028</td>\n",
       "      <td>47.7379</td>\n",
       "      <td>-122.233</td>\n",
       "      <td>2720</td>\n",
       "      <td>8062</td>\n",
       "    </tr>\n",
       "    <tr>\n",
       "      <th>3</th>\n",
       "      <td>2487200875</td>\n",
       "      <td>12/9/2014</td>\n",
       "      <td>604000.0</td>\n",
       "      <td>4</td>\n",
       "      <td>3.00</td>\n",
       "      <td>1960</td>\n",
       "      <td>5000</td>\n",
       "      <td>1.0</td>\n",
       "      <td>NO</td>\n",
       "      <td>NONE</td>\n",
       "      <td>...</td>\n",
       "      <td>7 Average</td>\n",
       "      <td>1050</td>\n",
       "      <td>910.0</td>\n",
       "      <td>1965</td>\n",
       "      <td>0.0</td>\n",
       "      <td>98136</td>\n",
       "      <td>47.5208</td>\n",
       "      <td>-122.393</td>\n",
       "      <td>1360</td>\n",
       "      <td>5000</td>\n",
       "    </tr>\n",
       "    <tr>\n",
       "      <th>4</th>\n",
       "      <td>1954400510</td>\n",
       "      <td>2/18/2015</td>\n",
       "      <td>510000.0</td>\n",
       "      <td>3</td>\n",
       "      <td>2.00</td>\n",
       "      <td>1680</td>\n",
       "      <td>8080</td>\n",
       "      <td>1.0</td>\n",
       "      <td>NO</td>\n",
       "      <td>NONE</td>\n",
       "      <td>...</td>\n",
       "      <td>8 Good</td>\n",
       "      <td>1680</td>\n",
       "      <td>0.0</td>\n",
       "      <td>1987</td>\n",
       "      <td>0.0</td>\n",
       "      <td>98074</td>\n",
       "      <td>47.6168</td>\n",
       "      <td>-122.045</td>\n",
       "      <td>1800</td>\n",
       "      <td>7503</td>\n",
       "    </tr>\n",
       "    <tr>\n",
       "      <th>...</th>\n",
       "      <td>...</td>\n",
       "      <td>...</td>\n",
       "      <td>...</td>\n",
       "      <td>...</td>\n",
       "      <td>...</td>\n",
       "      <td>...</td>\n",
       "      <td>...</td>\n",
       "      <td>...</td>\n",
       "      <td>...</td>\n",
       "      <td>...</td>\n",
       "      <td>...</td>\n",
       "      <td>...</td>\n",
       "      <td>...</td>\n",
       "      <td>...</td>\n",
       "      <td>...</td>\n",
       "      <td>...</td>\n",
       "      <td>...</td>\n",
       "      <td>...</td>\n",
       "      <td>...</td>\n",
       "      <td>...</td>\n",
       "      <td>...</td>\n",
       "    </tr>\n",
       "    <tr>\n",
       "      <th>21592</th>\n",
       "      <td>263000018</td>\n",
       "      <td>5/21/2014</td>\n",
       "      <td>360000.0</td>\n",
       "      <td>3</td>\n",
       "      <td>2.50</td>\n",
       "      <td>1530</td>\n",
       "      <td>1131</td>\n",
       "      <td>3.0</td>\n",
       "      <td>NO</td>\n",
       "      <td>NONE</td>\n",
       "      <td>...</td>\n",
       "      <td>8 Good</td>\n",
       "      <td>1530</td>\n",
       "      <td>0.0</td>\n",
       "      <td>2009</td>\n",
       "      <td>0.0</td>\n",
       "      <td>98103</td>\n",
       "      <td>47.6993</td>\n",
       "      <td>-122.346</td>\n",
       "      <td>1530</td>\n",
       "      <td>1509</td>\n",
       "    </tr>\n",
       "    <tr>\n",
       "      <th>21593</th>\n",
       "      <td>6600060120</td>\n",
       "      <td>2/23/2015</td>\n",
       "      <td>400000.0</td>\n",
       "      <td>4</td>\n",
       "      <td>2.50</td>\n",
       "      <td>2310</td>\n",
       "      <td>5813</td>\n",
       "      <td>2.0</td>\n",
       "      <td>NO</td>\n",
       "      <td>NONE</td>\n",
       "      <td>...</td>\n",
       "      <td>8 Good</td>\n",
       "      <td>2310</td>\n",
       "      <td>0.0</td>\n",
       "      <td>2014</td>\n",
       "      <td>0.0</td>\n",
       "      <td>98146</td>\n",
       "      <td>47.5107</td>\n",
       "      <td>-122.362</td>\n",
       "      <td>1830</td>\n",
       "      <td>7200</td>\n",
       "    </tr>\n",
       "    <tr>\n",
       "      <th>21594</th>\n",
       "      <td>1523300141</td>\n",
       "      <td>6/23/2014</td>\n",
       "      <td>402101.0</td>\n",
       "      <td>2</td>\n",
       "      <td>0.75</td>\n",
       "      <td>1020</td>\n",
       "      <td>1350</td>\n",
       "      <td>2.0</td>\n",
       "      <td>NO</td>\n",
       "      <td>NONE</td>\n",
       "      <td>...</td>\n",
       "      <td>7 Average</td>\n",
       "      <td>1020</td>\n",
       "      <td>0.0</td>\n",
       "      <td>2009</td>\n",
       "      <td>0.0</td>\n",
       "      <td>98144</td>\n",
       "      <td>47.5944</td>\n",
       "      <td>-122.299</td>\n",
       "      <td>1020</td>\n",
       "      <td>2007</td>\n",
       "    </tr>\n",
       "    <tr>\n",
       "      <th>21595</th>\n",
       "      <td>291310100</td>\n",
       "      <td>1/16/2015</td>\n",
       "      <td>400000.0</td>\n",
       "      <td>3</td>\n",
       "      <td>2.50</td>\n",
       "      <td>1600</td>\n",
       "      <td>2388</td>\n",
       "      <td>2.0</td>\n",
       "      <td>NaN</td>\n",
       "      <td>NONE</td>\n",
       "      <td>...</td>\n",
       "      <td>8 Good</td>\n",
       "      <td>1600</td>\n",
       "      <td>0.0</td>\n",
       "      <td>2004</td>\n",
       "      <td>0.0</td>\n",
       "      <td>98027</td>\n",
       "      <td>47.5345</td>\n",
       "      <td>-122.069</td>\n",
       "      <td>1410</td>\n",
       "      <td>1287</td>\n",
       "    </tr>\n",
       "    <tr>\n",
       "      <th>21596</th>\n",
       "      <td>1523300157</td>\n",
       "      <td>10/15/2014</td>\n",
       "      <td>325000.0</td>\n",
       "      <td>2</td>\n",
       "      <td>0.75</td>\n",
       "      <td>1020</td>\n",
       "      <td>1076</td>\n",
       "      <td>2.0</td>\n",
       "      <td>NO</td>\n",
       "      <td>NONE</td>\n",
       "      <td>...</td>\n",
       "      <td>7 Average</td>\n",
       "      <td>1020</td>\n",
       "      <td>0.0</td>\n",
       "      <td>2008</td>\n",
       "      <td>0.0</td>\n",
       "      <td>98144</td>\n",
       "      <td>47.5941</td>\n",
       "      <td>-122.299</td>\n",
       "      <td>1020</td>\n",
       "      <td>1357</td>\n",
       "    </tr>\n",
       "  </tbody>\n",
       "</table>\n",
       "<p>21597 rows × 21 columns</p>\n",
       "</div>"
      ],
      "text/plain": [
       "               id        date     price  bedrooms  bathrooms  sqft_living  \\\n",
       "0      7129300520  10/13/2014  221900.0         3       1.00         1180   \n",
       "1      6414100192   12/9/2014  538000.0         3       2.25         2570   \n",
       "2      5631500400   2/25/2015  180000.0         2       1.00          770   \n",
       "3      2487200875   12/9/2014  604000.0         4       3.00         1960   \n",
       "4      1954400510   2/18/2015  510000.0         3       2.00         1680   \n",
       "...           ...         ...       ...       ...        ...          ...   \n",
       "21592   263000018   5/21/2014  360000.0         3       2.50         1530   \n",
       "21593  6600060120   2/23/2015  400000.0         4       2.50         2310   \n",
       "21594  1523300141   6/23/2014  402101.0         2       0.75         1020   \n",
       "21595   291310100   1/16/2015  400000.0         3       2.50         1600   \n",
       "21596  1523300157  10/15/2014  325000.0         2       0.75         1020   \n",
       "\n",
       "       sqft_lot  floors waterfront  view  ...          grade sqft_above  \\\n",
       "0          5650     1.0        NaN  NONE  ...      7 Average       1180   \n",
       "1          7242     2.0         NO  NONE  ...      7 Average       2170   \n",
       "2         10000     1.0         NO  NONE  ...  6 Low Average        770   \n",
       "3          5000     1.0         NO  NONE  ...      7 Average       1050   \n",
       "4          8080     1.0         NO  NONE  ...         8 Good       1680   \n",
       "...         ...     ...        ...   ...  ...            ...        ...   \n",
       "21592      1131     3.0         NO  NONE  ...         8 Good       1530   \n",
       "21593      5813     2.0         NO  NONE  ...         8 Good       2310   \n",
       "21594      1350     2.0         NO  NONE  ...      7 Average       1020   \n",
       "21595      2388     2.0        NaN  NONE  ...         8 Good       1600   \n",
       "21596      1076     2.0         NO  NONE  ...      7 Average       1020   \n",
       "\n",
       "       sqft_basement yr_built  yr_renovated  zipcode      lat     long  \\\n",
       "0                0.0     1955           0.0    98178  47.5112 -122.257   \n",
       "1              400.0     1951        1991.0    98125  47.7210 -122.319   \n",
       "2                0.0     1933           NaN    98028  47.7379 -122.233   \n",
       "3              910.0     1965           0.0    98136  47.5208 -122.393   \n",
       "4                0.0     1987           0.0    98074  47.6168 -122.045   \n",
       "...              ...      ...           ...      ...      ...      ...   \n",
       "21592            0.0     2009           0.0    98103  47.6993 -122.346   \n",
       "21593            0.0     2014           0.0    98146  47.5107 -122.362   \n",
       "21594            0.0     2009           0.0    98144  47.5944 -122.299   \n",
       "21595            0.0     2004           0.0    98027  47.5345 -122.069   \n",
       "21596            0.0     2008           0.0    98144  47.5941 -122.299   \n",
       "\n",
       "       sqft_living15  sqft_lot15  \n",
       "0               1340        5650  \n",
       "1               1690        7639  \n",
       "2               2720        8062  \n",
       "3               1360        5000  \n",
       "4               1800        7503  \n",
       "...              ...         ...  \n",
       "21592           1530        1509  \n",
       "21593           1830        7200  \n",
       "21594           1020        2007  \n",
       "21595           1410        1287  \n",
       "21596           1020        1357  \n",
       "\n",
       "[21597 rows x 21 columns]"
      ]
     },
     "execution_count": 3,
     "metadata": {},
     "output_type": "execute_result"
    }
   ],
   "source": [
    "df"
   ]
  },
  {
   "cell_type": "code",
   "execution_count": 4,
   "metadata": {},
   "outputs": [
    {
     "data": {
      "text/plain": [
       "0    NONE\n",
       "1    NONE\n",
       "2    NONE\n",
       "3    NONE\n",
       "4    NONE\n",
       "Name: view, dtype: object"
      ]
     },
     "execution_count": 4,
     "metadata": {},
     "output_type": "execute_result"
    }
   ],
   "source": [
    "df['view'].head()"
   ]
  },
  {
   "cell_type": "code",
   "execution_count": 5,
   "metadata": {},
   "outputs": [
    {
     "data": {
      "text/plain": [
       "Index(['id', 'date', 'price', 'bedrooms', 'bathrooms', 'sqft_living',\n",
       "       'sqft_lot', 'floors', 'waterfront', 'view', 'condition', 'grade',\n",
       "       'sqft_above', 'sqft_basement', 'yr_built', 'yr_renovated', 'zipcode',\n",
       "       'lat', 'long', 'sqft_living15', 'sqft_lot15'],\n",
       "      dtype='object')"
      ]
     },
     "execution_count": 5,
     "metadata": {},
     "output_type": "execute_result"
    }
   ],
   "source": [
    "df.columns"
   ]
  },
  {
   "cell_type": "code",
   "execution_count": 6,
   "metadata": {},
   "outputs": [
    {
     "data": {
      "text/plain": [
       "0    21451\n",
       "1      146\n",
       "Name: waterfront, dtype: int64"
      ]
     },
     "execution_count": 6,
     "metadata": {},
     "output_type": "execute_result"
    }
   ],
   "source": [
    "df['waterfront'].unique()\n",
    "df['waterfront'].value_counts(dropna=False)\n",
    "# Turn NaNs to No\n",
    "df['waterfront'] = df['waterfront'].fillna('NO')\n",
    "\n",
    "# Convert to 0 or 1\n",
    "mapdict = {'YES': 1, 'NO': 0}\n",
    "df['waterfront'] = df['waterfront'].map(mapdict)\n",
    "\n",
    "# Check result\n",
    "df['waterfront'].value_counts(dropna=False)"
   ]
  },
  {
   "cell_type": "code",
   "execution_count": 7,
   "metadata": {},
   "outputs": [
    {
     "data": {
      "text/plain": [
       "0        0\n",
       "1        0\n",
       "2        0\n",
       "3        0\n",
       "4        0\n",
       "        ..\n",
       "21592    0\n",
       "21593    0\n",
       "21594    0\n",
       "21595    0\n",
       "21596    0\n",
       "Name: waterfront, Length: 21597, dtype: int64"
      ]
     },
     "execution_count": 7,
     "metadata": {},
     "output_type": "execute_result"
    }
   ],
   "source": [
    "df['waterfront']"
   ]
  },
  {
   "cell_type": "code",
   "execution_count": 8,
   "metadata": {},
   "outputs": [
    {
     "data": {
      "text/plain": [
       "Index(['id', 'date', 'price', 'bedrooms', 'bathrooms', 'sqft_living',\n",
       "       'sqft_lot', 'floors', 'waterfront', 'condition', 'grade', 'sqft_above',\n",
       "       'sqft_basement', 'yr_built', 'yr_renovated', 'zipcode', 'lat', 'long',\n",
       "       'sqft_living15', 'sqft_lot15'],\n",
       "      dtype='object')"
      ]
     },
     "execution_count": 8,
     "metadata": {},
     "output_type": "execute_result"
    }
   ],
   "source": [
    "# Create Yes/No column for view\n",
    "df['view_y_n'] = df['view'].apply(lambda x: 0 if x == 'NONE' else 1)\n",
    "df['view_y_n'].value_counts()\n",
    "\n",
    "# Actually let's just drop view because so many are None.\n",
    "df.drop(['view_y_n', 'view'], axis = 1, inplace=True)\n",
    "\n",
    "df.columns"
   ]
  },
  {
   "cell_type": "code",
   "execution_count": 9,
   "metadata": {},
   "outputs": [
    {
     "data": {
      "text/plain": [
       "2    14020\n",
       "3     5677\n",
       "4     1701\n",
       "1      170\n",
       "0       29\n",
       "Name: condition, dtype: int64"
      ]
     },
     "execution_count": 9,
     "metadata": {},
     "output_type": "execute_result"
    }
   ],
   "source": [
    "df['condition'].value_counts()\n",
    "\n",
    "# Map numerical values\n",
    "\n",
    "mapdict = {'Poor': 0, 'Fair': 1, 'Average': 2, 'Good': 3, 'Very Good': 4}\n",
    "df['condition'] = df['condition'].map(mapdict)\n",
    "\n",
    "\n",
    "df['condition'].value_counts()"
   ]
  },
  {
   "cell_type": "markdown",
   "metadata": {},
   "source": [
    "## Need to change below value to int or float to be able to use this in the model"
   ]
  },
  {
   "cell_type": "code",
   "execution_count": 10,
   "metadata": {},
   "outputs": [
    {
     "data": {
      "text/plain": [
       "7 Average        8974\n",
       "8 Good           6065\n",
       "9 Better         2615\n",
       "6 Low Average    2038\n",
       "10 Very Good     1134\n",
       "11 Excellent      399\n",
       "5 Fair            242\n",
       "12 Luxury          89\n",
       "4 Low              27\n",
       "13 Mansion         13\n",
       "3 Poor              1\n",
       "Name: grade, dtype: int64"
      ]
     },
     "execution_count": 10,
     "metadata": {},
     "output_type": "execute_result"
    }
   ],
   "source": [
    "df['grade'].value_counts()"
   ]
  },
  {
   "cell_type": "code",
   "execution_count": 11,
   "metadata": {},
   "outputs": [
    {
     "data": {
      "text/plain": [
       "count         21597\n",
       "unique           11\n",
       "top       7 Average\n",
       "freq           8974\n",
       "Name: grade, dtype: object"
      ]
     },
     "execution_count": 11,
     "metadata": {},
     "output_type": "execute_result"
    }
   ],
   "source": [
    "df['grade'].describe()"
   ]
  },
  {
   "cell_type": "code",
   "execution_count": 12,
   "metadata": {},
   "outputs": [
    {
     "data": {
      "text/html": [
       "<div>\n",
       "<style scoped>\n",
       "    .dataframe tbody tr th:only-of-type {\n",
       "        vertical-align: middle;\n",
       "    }\n",
       "\n",
       "    .dataframe tbody tr th {\n",
       "        vertical-align: top;\n",
       "    }\n",
       "\n",
       "    .dataframe thead th {\n",
       "        text-align: right;\n",
       "    }\n",
       "</style>\n",
       "<table border=\"1\" class=\"dataframe\">\n",
       "  <thead>\n",
       "    <tr style=\"text-align: right;\">\n",
       "      <th></th>\n",
       "      <th>id</th>\n",
       "      <th>price</th>\n",
       "      <th>bedrooms</th>\n",
       "      <th>bathrooms</th>\n",
       "      <th>sqft_living</th>\n",
       "      <th>sqft_lot</th>\n",
       "      <th>floors</th>\n",
       "      <th>waterfront</th>\n",
       "      <th>condition</th>\n",
       "      <th>sqft_above</th>\n",
       "      <th>yr_built</th>\n",
       "      <th>yr_renovated</th>\n",
       "      <th>zipcode</th>\n",
       "      <th>lat</th>\n",
       "      <th>long</th>\n",
       "      <th>sqft_living15</th>\n",
       "      <th>sqft_lot15</th>\n",
       "    </tr>\n",
       "  </thead>\n",
       "  <tbody>\n",
       "    <tr>\n",
       "      <th>id</th>\n",
       "      <td>1.000000</td>\n",
       "      <td>-0.016772</td>\n",
       "      <td>0.001150</td>\n",
       "      <td>0.005162</td>\n",
       "      <td>-0.012241</td>\n",
       "      <td>-0.131911</td>\n",
       "      <td>0.018608</td>\n",
       "      <td>-0.003599</td>\n",
       "      <td>-0.023803</td>\n",
       "      <td>-0.010799</td>\n",
       "      <td>0.021617</td>\n",
       "      <td>-0.012010</td>\n",
       "      <td>-0.008211</td>\n",
       "      <td>-0.001798</td>\n",
       "      <td>0.020672</td>\n",
       "      <td>-0.002701</td>\n",
       "      <td>-0.138557</td>\n",
       "    </tr>\n",
       "    <tr>\n",
       "      <th>price</th>\n",
       "      <td>-0.016772</td>\n",
       "      <td>1.000000</td>\n",
       "      <td>0.308787</td>\n",
       "      <td>0.525906</td>\n",
       "      <td>0.701917</td>\n",
       "      <td>0.089876</td>\n",
       "      <td>0.256804</td>\n",
       "      <td>0.264306</td>\n",
       "      <td>0.036056</td>\n",
       "      <td>0.605368</td>\n",
       "      <td>0.053953</td>\n",
       "      <td>0.129599</td>\n",
       "      <td>-0.053402</td>\n",
       "      <td>0.306692</td>\n",
       "      <td>0.022036</td>\n",
       "      <td>0.585241</td>\n",
       "      <td>0.082845</td>\n",
       "    </tr>\n",
       "    <tr>\n",
       "      <th>bedrooms</th>\n",
       "      <td>0.001150</td>\n",
       "      <td>0.308787</td>\n",
       "      <td>1.000000</td>\n",
       "      <td>0.514508</td>\n",
       "      <td>0.578212</td>\n",
       "      <td>0.032471</td>\n",
       "      <td>0.177944</td>\n",
       "      <td>-0.002127</td>\n",
       "      <td>0.026496</td>\n",
       "      <td>0.479386</td>\n",
       "      <td>0.155670</td>\n",
       "      <td>0.018495</td>\n",
       "      <td>-0.154092</td>\n",
       "      <td>-0.009951</td>\n",
       "      <td>0.132054</td>\n",
       "      <td>0.393406</td>\n",
       "      <td>0.030690</td>\n",
       "    </tr>\n",
       "    <tr>\n",
       "      <th>bathrooms</th>\n",
       "      <td>0.005162</td>\n",
       "      <td>0.525906</td>\n",
       "      <td>0.514508</td>\n",
       "      <td>1.000000</td>\n",
       "      <td>0.755758</td>\n",
       "      <td>0.088373</td>\n",
       "      <td>0.502582</td>\n",
       "      <td>0.063629</td>\n",
       "      <td>-0.126479</td>\n",
       "      <td>0.686668</td>\n",
       "      <td>0.507173</td>\n",
       "      <td>0.051050</td>\n",
       "      <td>-0.204786</td>\n",
       "      <td>0.024280</td>\n",
       "      <td>0.224903</td>\n",
       "      <td>0.569884</td>\n",
       "      <td>0.088303</td>\n",
       "    </tr>\n",
       "    <tr>\n",
       "      <th>sqft_living</th>\n",
       "      <td>-0.012241</td>\n",
       "      <td>0.701917</td>\n",
       "      <td>0.578212</td>\n",
       "      <td>0.755758</td>\n",
       "      <td>1.000000</td>\n",
       "      <td>0.173453</td>\n",
       "      <td>0.353953</td>\n",
       "      <td>0.104637</td>\n",
       "      <td>-0.059445</td>\n",
       "      <td>0.876448</td>\n",
       "      <td>0.318152</td>\n",
       "      <td>0.055660</td>\n",
       "      <td>-0.199802</td>\n",
       "      <td>0.052155</td>\n",
       "      <td>0.241214</td>\n",
       "      <td>0.756402</td>\n",
       "      <td>0.184342</td>\n",
       "    </tr>\n",
       "    <tr>\n",
       "      <th>sqft_lot</th>\n",
       "      <td>-0.131911</td>\n",
       "      <td>0.089876</td>\n",
       "      <td>0.032471</td>\n",
       "      <td>0.088373</td>\n",
       "      <td>0.173453</td>\n",
       "      <td>1.000000</td>\n",
       "      <td>-0.004814</td>\n",
       "      <td>0.021459</td>\n",
       "      <td>-0.008830</td>\n",
       "      <td>0.184139</td>\n",
       "      <td>0.052946</td>\n",
       "      <td>0.004513</td>\n",
       "      <td>-0.129586</td>\n",
       "      <td>-0.085514</td>\n",
       "      <td>0.230227</td>\n",
       "      <td>0.144763</td>\n",
       "      <td>0.718204</td>\n",
       "    </tr>\n",
       "    <tr>\n",
       "      <th>floors</th>\n",
       "      <td>0.018608</td>\n",
       "      <td>0.256804</td>\n",
       "      <td>0.177944</td>\n",
       "      <td>0.502582</td>\n",
       "      <td>0.353953</td>\n",
       "      <td>-0.004814</td>\n",
       "      <td>1.000000</td>\n",
       "      <td>0.020797</td>\n",
       "      <td>-0.264075</td>\n",
       "      <td>0.523989</td>\n",
       "      <td>0.489193</td>\n",
       "      <td>0.003535</td>\n",
       "      <td>-0.059541</td>\n",
       "      <td>0.049239</td>\n",
       "      <td>0.125943</td>\n",
       "      <td>0.280102</td>\n",
       "      <td>-0.010722</td>\n",
       "    </tr>\n",
       "    <tr>\n",
       "      <th>waterfront</th>\n",
       "      <td>-0.003599</td>\n",
       "      <td>0.264306</td>\n",
       "      <td>-0.002127</td>\n",
       "      <td>0.063629</td>\n",
       "      <td>0.104637</td>\n",
       "      <td>0.021459</td>\n",
       "      <td>0.020797</td>\n",
       "      <td>1.000000</td>\n",
       "      <td>0.016648</td>\n",
       "      <td>0.071778</td>\n",
       "      <td>-0.024487</td>\n",
       "      <td>0.081397</td>\n",
       "      <td>0.028923</td>\n",
       "      <td>-0.012157</td>\n",
       "      <td>-0.037628</td>\n",
       "      <td>0.083823</td>\n",
       "      <td>0.030658</td>\n",
       "    </tr>\n",
       "    <tr>\n",
       "      <th>condition</th>\n",
       "      <td>-0.023803</td>\n",
       "      <td>0.036056</td>\n",
       "      <td>0.026496</td>\n",
       "      <td>-0.126479</td>\n",
       "      <td>-0.059445</td>\n",
       "      <td>-0.008830</td>\n",
       "      <td>-0.264075</td>\n",
       "      <td>0.016648</td>\n",
       "      <td>1.000000</td>\n",
       "      <td>-0.158904</td>\n",
       "      <td>-0.361592</td>\n",
       "      <td>-0.061858</td>\n",
       "      <td>0.002888</td>\n",
       "      <td>-0.015102</td>\n",
       "      <td>-0.105877</td>\n",
       "      <td>-0.093072</td>\n",
       "      <td>-0.003126</td>\n",
       "    </tr>\n",
       "    <tr>\n",
       "      <th>sqft_above</th>\n",
       "      <td>-0.010799</td>\n",
       "      <td>0.605368</td>\n",
       "      <td>0.479386</td>\n",
       "      <td>0.686668</td>\n",
       "      <td>0.876448</td>\n",
       "      <td>0.184139</td>\n",
       "      <td>0.523989</td>\n",
       "      <td>0.071778</td>\n",
       "      <td>-0.158904</td>\n",
       "      <td>1.000000</td>\n",
       "      <td>0.424037</td>\n",
       "      <td>0.022137</td>\n",
       "      <td>-0.261570</td>\n",
       "      <td>-0.001199</td>\n",
       "      <td>0.344842</td>\n",
       "      <td>0.731767</td>\n",
       "      <td>0.195077</td>\n",
       "    </tr>\n",
       "    <tr>\n",
       "      <th>yr_built</th>\n",
       "      <td>0.021617</td>\n",
       "      <td>0.053953</td>\n",
       "      <td>0.155670</td>\n",
       "      <td>0.507173</td>\n",
       "      <td>0.318152</td>\n",
       "      <td>0.052946</td>\n",
       "      <td>0.489193</td>\n",
       "      <td>-0.024487</td>\n",
       "      <td>-0.361592</td>\n",
       "      <td>0.424037</td>\n",
       "      <td>1.000000</td>\n",
       "      <td>-0.225209</td>\n",
       "      <td>-0.347210</td>\n",
       "      <td>-0.148370</td>\n",
       "      <td>0.409993</td>\n",
       "      <td>0.326377</td>\n",
       "      <td>0.070777</td>\n",
       "    </tr>\n",
       "    <tr>\n",
       "      <th>yr_renovated</th>\n",
       "      <td>-0.012010</td>\n",
       "      <td>0.129599</td>\n",
       "      <td>0.018495</td>\n",
       "      <td>0.051050</td>\n",
       "      <td>0.055660</td>\n",
       "      <td>0.004513</td>\n",
       "      <td>0.003535</td>\n",
       "      <td>0.081397</td>\n",
       "      <td>-0.061858</td>\n",
       "      <td>0.022137</td>\n",
       "      <td>-0.225209</td>\n",
       "      <td>1.000000</td>\n",
       "      <td>0.069846</td>\n",
       "      <td>0.032145</td>\n",
       "      <td>-0.072156</td>\n",
       "      <td>-0.000247</td>\n",
       "      <td>0.003852</td>\n",
       "    </tr>\n",
       "    <tr>\n",
       "      <th>zipcode</th>\n",
       "      <td>-0.008211</td>\n",
       "      <td>-0.053402</td>\n",
       "      <td>-0.154092</td>\n",
       "      <td>-0.204786</td>\n",
       "      <td>-0.199802</td>\n",
       "      <td>-0.129586</td>\n",
       "      <td>-0.059541</td>\n",
       "      <td>0.028923</td>\n",
       "      <td>0.002888</td>\n",
       "      <td>-0.261570</td>\n",
       "      <td>-0.347210</td>\n",
       "      <td>0.069846</td>\n",
       "      <td>1.000000</td>\n",
       "      <td>0.266742</td>\n",
       "      <td>-0.564259</td>\n",
       "      <td>-0.279299</td>\n",
       "      <td>-0.147294</td>\n",
       "    </tr>\n",
       "    <tr>\n",
       "      <th>lat</th>\n",
       "      <td>-0.001798</td>\n",
       "      <td>0.306692</td>\n",
       "      <td>-0.009951</td>\n",
       "      <td>0.024280</td>\n",
       "      <td>0.052155</td>\n",
       "      <td>-0.085514</td>\n",
       "      <td>0.049239</td>\n",
       "      <td>-0.012157</td>\n",
       "      <td>-0.015102</td>\n",
       "      <td>-0.001199</td>\n",
       "      <td>-0.148370</td>\n",
       "      <td>0.032145</td>\n",
       "      <td>0.266742</td>\n",
       "      <td>1.000000</td>\n",
       "      <td>-0.135371</td>\n",
       "      <td>0.048679</td>\n",
       "      <td>-0.086139</td>\n",
       "    </tr>\n",
       "    <tr>\n",
       "      <th>long</th>\n",
       "      <td>0.020672</td>\n",
       "      <td>0.022036</td>\n",
       "      <td>0.132054</td>\n",
       "      <td>0.224903</td>\n",
       "      <td>0.241214</td>\n",
       "      <td>0.230227</td>\n",
       "      <td>0.125943</td>\n",
       "      <td>-0.037628</td>\n",
       "      <td>-0.105877</td>\n",
       "      <td>0.344842</td>\n",
       "      <td>0.409993</td>\n",
       "      <td>-0.072156</td>\n",
       "      <td>-0.564259</td>\n",
       "      <td>-0.135371</td>\n",
       "      <td>1.000000</td>\n",
       "      <td>0.335626</td>\n",
       "      <td>0.255586</td>\n",
       "    </tr>\n",
       "    <tr>\n",
       "      <th>sqft_living15</th>\n",
       "      <td>-0.002701</td>\n",
       "      <td>0.585241</td>\n",
       "      <td>0.393406</td>\n",
       "      <td>0.569884</td>\n",
       "      <td>0.756402</td>\n",
       "      <td>0.144763</td>\n",
       "      <td>0.280102</td>\n",
       "      <td>0.083823</td>\n",
       "      <td>-0.093072</td>\n",
       "      <td>0.731767</td>\n",
       "      <td>0.326377</td>\n",
       "      <td>-0.000247</td>\n",
       "      <td>-0.279299</td>\n",
       "      <td>0.048679</td>\n",
       "      <td>0.335626</td>\n",
       "      <td>1.000000</td>\n",
       "      <td>0.183515</td>\n",
       "    </tr>\n",
       "    <tr>\n",
       "      <th>sqft_lot15</th>\n",
       "      <td>-0.138557</td>\n",
       "      <td>0.082845</td>\n",
       "      <td>0.030690</td>\n",
       "      <td>0.088303</td>\n",
       "      <td>0.184342</td>\n",
       "      <td>0.718204</td>\n",
       "      <td>-0.010722</td>\n",
       "      <td>0.030658</td>\n",
       "      <td>-0.003126</td>\n",
       "      <td>0.195077</td>\n",
       "      <td>0.070777</td>\n",
       "      <td>0.003852</td>\n",
       "      <td>-0.147294</td>\n",
       "      <td>-0.086139</td>\n",
       "      <td>0.255586</td>\n",
       "      <td>0.183515</td>\n",
       "      <td>1.000000</td>\n",
       "    </tr>\n",
       "  </tbody>\n",
       "</table>\n",
       "</div>"
      ],
      "text/plain": [
       "                     id     price  bedrooms  bathrooms  sqft_living  sqft_lot  \\\n",
       "id             1.000000 -0.016772  0.001150   0.005162    -0.012241 -0.131911   \n",
       "price         -0.016772  1.000000  0.308787   0.525906     0.701917  0.089876   \n",
       "bedrooms       0.001150  0.308787  1.000000   0.514508     0.578212  0.032471   \n",
       "bathrooms      0.005162  0.525906  0.514508   1.000000     0.755758  0.088373   \n",
       "sqft_living   -0.012241  0.701917  0.578212   0.755758     1.000000  0.173453   \n",
       "sqft_lot      -0.131911  0.089876  0.032471   0.088373     0.173453  1.000000   \n",
       "floors         0.018608  0.256804  0.177944   0.502582     0.353953 -0.004814   \n",
       "waterfront    -0.003599  0.264306 -0.002127   0.063629     0.104637  0.021459   \n",
       "condition     -0.023803  0.036056  0.026496  -0.126479    -0.059445 -0.008830   \n",
       "sqft_above    -0.010799  0.605368  0.479386   0.686668     0.876448  0.184139   \n",
       "yr_built       0.021617  0.053953  0.155670   0.507173     0.318152  0.052946   \n",
       "yr_renovated  -0.012010  0.129599  0.018495   0.051050     0.055660  0.004513   \n",
       "zipcode       -0.008211 -0.053402 -0.154092  -0.204786    -0.199802 -0.129586   \n",
       "lat           -0.001798  0.306692 -0.009951   0.024280     0.052155 -0.085514   \n",
       "long           0.020672  0.022036  0.132054   0.224903     0.241214  0.230227   \n",
       "sqft_living15 -0.002701  0.585241  0.393406   0.569884     0.756402  0.144763   \n",
       "sqft_lot15    -0.138557  0.082845  0.030690   0.088303     0.184342  0.718204   \n",
       "\n",
       "                 floors  waterfront  condition  sqft_above  yr_built  \\\n",
       "id             0.018608   -0.003599  -0.023803   -0.010799  0.021617   \n",
       "price          0.256804    0.264306   0.036056    0.605368  0.053953   \n",
       "bedrooms       0.177944   -0.002127   0.026496    0.479386  0.155670   \n",
       "bathrooms      0.502582    0.063629  -0.126479    0.686668  0.507173   \n",
       "sqft_living    0.353953    0.104637  -0.059445    0.876448  0.318152   \n",
       "sqft_lot      -0.004814    0.021459  -0.008830    0.184139  0.052946   \n",
       "floors         1.000000    0.020797  -0.264075    0.523989  0.489193   \n",
       "waterfront     0.020797    1.000000   0.016648    0.071778 -0.024487   \n",
       "condition     -0.264075    0.016648   1.000000   -0.158904 -0.361592   \n",
       "sqft_above     0.523989    0.071778  -0.158904    1.000000  0.424037   \n",
       "yr_built       0.489193   -0.024487  -0.361592    0.424037  1.000000   \n",
       "yr_renovated   0.003535    0.081397  -0.061858    0.022137 -0.225209   \n",
       "zipcode       -0.059541    0.028923   0.002888   -0.261570 -0.347210   \n",
       "lat            0.049239   -0.012157  -0.015102   -0.001199 -0.148370   \n",
       "long           0.125943   -0.037628  -0.105877    0.344842  0.409993   \n",
       "sqft_living15  0.280102    0.083823  -0.093072    0.731767  0.326377   \n",
       "sqft_lot15    -0.010722    0.030658  -0.003126    0.195077  0.070777   \n",
       "\n",
       "               yr_renovated   zipcode       lat      long  sqft_living15  \\\n",
       "id                -0.012010 -0.008211 -0.001798  0.020672      -0.002701   \n",
       "price              0.129599 -0.053402  0.306692  0.022036       0.585241   \n",
       "bedrooms           0.018495 -0.154092 -0.009951  0.132054       0.393406   \n",
       "bathrooms          0.051050 -0.204786  0.024280  0.224903       0.569884   \n",
       "sqft_living        0.055660 -0.199802  0.052155  0.241214       0.756402   \n",
       "sqft_lot           0.004513 -0.129586 -0.085514  0.230227       0.144763   \n",
       "floors             0.003535 -0.059541  0.049239  0.125943       0.280102   \n",
       "waterfront         0.081397  0.028923 -0.012157 -0.037628       0.083823   \n",
       "condition         -0.061858  0.002888 -0.015102 -0.105877      -0.093072   \n",
       "sqft_above         0.022137 -0.261570 -0.001199  0.344842       0.731767   \n",
       "yr_built          -0.225209 -0.347210 -0.148370  0.409993       0.326377   \n",
       "yr_renovated       1.000000  0.069846  0.032145 -0.072156      -0.000247   \n",
       "zipcode            0.069846  1.000000  0.266742 -0.564259      -0.279299   \n",
       "lat                0.032145  0.266742  1.000000 -0.135371       0.048679   \n",
       "long              -0.072156 -0.564259 -0.135371  1.000000       0.335626   \n",
       "sqft_living15     -0.000247 -0.279299  0.048679  0.335626       1.000000   \n",
       "sqft_lot15         0.003852 -0.147294 -0.086139  0.255586       0.183515   \n",
       "\n",
       "               sqft_lot15  \n",
       "id              -0.138557  \n",
       "price            0.082845  \n",
       "bedrooms         0.030690  \n",
       "bathrooms        0.088303  \n",
       "sqft_living      0.184342  \n",
       "sqft_lot         0.718204  \n",
       "floors          -0.010722  \n",
       "waterfront       0.030658  \n",
       "condition       -0.003126  \n",
       "sqft_above       0.195077  \n",
       "yr_built         0.070777  \n",
       "yr_renovated     0.003852  \n",
       "zipcode         -0.147294  \n",
       "lat             -0.086139  \n",
       "long             0.255586  \n",
       "sqft_living15    0.183515  \n",
       "sqft_lot15       1.000000  "
      ]
     },
     "execution_count": 12,
     "metadata": {},
     "output_type": "execute_result"
    }
   ],
   "source": [
    "df.corr()"
   ]
  },
  {
   "cell_type": "code",
   "execution_count": 13,
   "metadata": {},
   "outputs": [
    {
     "data": {
      "text/plain": [
       "<AxesSubplot:>"
      ]
     },
     "execution_count": 13,
     "metadata": {},
     "output_type": "execute_result"
    },
    {
     "data": {
